[gd_scene load_steps=10 format=3 uid="uid://bqbjs51dfes3o"]

[ext_resource type="PackedScene" uid="uid://dw3ydufatdh28" path="res://Visuals/Units/Demon/Demon.gltf" id="1_1akyn"]
[ext_resource type="Texture2D" uid="uid://ddko3kmwcvkxh" path="res://Visuals/Units/Demon/Demon_Image_0.png" id="2_f456y"]

[sub_resource type="StandardMaterial3D" id="StandardMaterial3D_2hkdn"]
resource_name = "Material_0"
transparency = 2
alpha_scissor_threshold = 0.05
alpha_antialiasing_mode = 0
blend_mode = 1
shading_mode = 0
vertex_color_use_as_albedo = true
albedo_texture = ExtResource("2_f456y")
texture_filter = 2
texture_repeat = false
grow_amount = -0.494
point_size = 128.0

[sub_resource type="ArrayMesh" id="ArrayMesh_ln7c0"]
_surfaces = [{
"aabb": AABB(-0.1875, 0.03125, -0.0625, 1.25, 0.203135, 0.06251),
"format": 4097,
"index_count": 36,
"index_data": PackedByteArray(2, 0, 1, 0, 0, 0, 2, 0, 3, 0, 1, 0, 5, 0, 1, 0, 4, 0, 5, 0, 0, 0, 1, 0, 7, 0, 2, 0, 6, 0, 7, 0, 3, 0, 2, 0, 6, 0, 0, 0, 5, 0, 6, 0, 2, 0, 0, 0, 3, 0, 4, 0, 1, 0, 3, 0, 7, 0, 4, 0, 7, 0, 5, 0, 4, 0, 7, 0, 6, 0, 5, 0),
"name": "Material_0",
"primitive": 3,
"vertex_count": 8,
"vertex_data": PackedByteArray(0, 0, 0, 61, 0, 0, 112, 62, 0, 0, 0, 0, 0, 0, 0, 61, 0, 0, 112, 62, 0, 0, 128, 189, 0, 0, 64, 190, 0, 0, 0, 61, 0, 0, 0, 0, 0, 0, 64, 190, 0, 0, 0, 61, 0, 0, 128, 189, 0, 0, 136, 63, 0, 0, 96, 62, 0, 0, 128, 189, 0, 0, 136, 63, 0, 0, 96, 62, 0, 0, 0, 0, 0, 0, 136, 63, 0, 0, 0, 61, 0, 0, 0, 0, 0, 0, 136, 63, 0, 0, 0, 61, 0, 0, 128, 189)
}]
blend_shape_mode = 0

[sub_resource type="ArrayMesh" id="ArrayMesh_3ssap"]
resource_name = "Demon_Mesh_0"
_surfaces = [{
"aabb": AABB(-0.1875, 0.03125, -0.0625, 1.25, 0.203135, 0.06251),
"attribute_data": PackedByteArray(0, 0, 0, 63, 0, 0, 128, 63, 0, 0, 240, 62, 0, 0, 128, 63, 0, 0, 0, 63, 0, 0, 104, 63, 0, 0, 240, 62, 0, 0, 104, 63, 0, 0, 0, 0, 0, 0, 112, 63, 0, 0, 0, 63, 0, 0, 112, 63, 0, 0, 0, 0, 0, 0, 104, 63, 0, 0, 0, 63, 0, 0, 104, 63, 0, 0, 0, 0, 0, 0, 128, 63, 0, 0, 0, 63, 0, 0, 128, 63, 0, 0, 0, 0, 0, 0, 120, 63, 0, 0, 0, 63, 0, 0, 120, 63, 0, 0, 0, 0, 0, 0, 128, 63, 0, 0, 0, 63, 0, 0, 128, 63, 0, 0, 0, 0, 0, 0, 104, 63, 0, 0, 0, 63, 0, 0, 104, 63, 0, 0, 0, 63, 0, 0, 104, 63, 0, 0, 0, 0, 0, 0, 104, 63, 0, 0, 0, 0, 0, 0, 104, 63, 0, 0, 0, 63, 0, 0, 128, 63, 0, 0, 0, 63, 0, 0, 128, 63, 0, 0, 0, 0, 0, 0, 128, 63, 0, 0, 0, 61, 0, 0, 128, 63, 0, 0, 0, 0, 0, 0, 128, 63, 0, 0, 0, 61, 0, 0, 104, 63, 0, 0, 0, 0, 0, 0, 104, 63),
"format": 4119,
"index_count": 36,
"index_data": PackedByteArray(2, 0, 1, 0, 0, 0, 2, 0, 3, 0, 1, 0, 6, 0, 5, 0, 4, 0, 6, 0, 7, 0, 5, 0, 10, 0, 9, 0, 8, 0, 10, 0, 11, 0, 9, 0, 14, 0, 13, 0, 12, 0, 14, 0, 15, 0, 13, 0, 20, 0, 18, 0, 16, 0, 19, 0, 21, 0, 17, 0, 24, 0, 23, 0, 22, 0, 24, 0, 25, 0, 23, 0),
"material": SubResource("StandardMaterial3D_2hkdn"),
"name": "Material_0",
"primitive": 3,
"vertex_count": 26,
"vertex_data": PackedByteArray(0, 0, 0, 61, 0, 0, 112, 62, 0, 0, 0, 0, 94, 66, 94, 194, 255, 127, 255, 63, 0, 0, 0, 61, 0, 0, 112, 62, 0, 0, 128, 189, 94, 66, 94, 194, 255, 127, 255, 63, 0, 0, 64, 190, 0, 0, 0, 61, 0, 0, 0, 0, 94, 66, 94, 194, 255, 127, 255, 63, 0, 0, 64, 190, 0, 0, 0, 61, 0, 0, 128, 189, 94, 66, 94, 194, 255, 127, 255, 63, 0, 0, 136, 63, 0, 0, 96, 62, 0, 0, 128, 189, 232, 129, 21, 254, 233, 1, 243, 192, 0, 0, 0, 61, 0, 0, 112, 62, 0, 0, 128, 189, 232, 129, 21, 254, 233, 1, 243, 192, 0, 0, 136, 63, 0, 0, 96, 62, 0, 0, 0, 0, 232, 129, 21, 254, 233, 1, 243, 192, 0, 0, 0, 61, 0, 0, 112, 62, 0, 0, 0, 0, 232, 129, 21, 254, 233, 1, 243, 192, 0, 0, 136, 63, 0, 0, 0, 61, 0, 0, 0, 0, 255, 127, 0, 0, 0, 0, 255, 191, 0, 0, 64, 190, 0, 0, 0, 61, 0, 0, 0, 0, 255, 127, 0, 0, 0, 0, 255, 191, 0, 0, 136, 63, 0, 0, 0, 61, 0, 0, 128, 189, 255, 127, 0, 0, 0, 0, 255, 191, 0, 0, 64, 190, 0, 0, 0, 61, 0, 0, 128, 189, 255, 127, 0, 0, 0, 0, 255, 191, 0, 0, 136, 63, 0, 0, 96, 62, 0, 0, 0, 0, 255, 127, 255, 127, 233, 1, 243, 192, 0, 0, 0, 61, 0, 0, 112, 62, 0, 0, 0, 0, 255, 127, 255, 127, 37, 0, 17, 192, 0, 0, 136, 63, 0, 0, 0, 61, 0, 0, 0, 0, 255, 127, 255, 127, 173, 1, 213, 192, 0, 0, 64, 190, 0, 0, 0, 61, 0, 0, 0, 0, 255, 127, 255, 127, 0, 0, 255, 191, 0, 0, 0, 61, 0, 0, 112, 62, 0, 0, 128, 189, 255, 255, 255, 255, 233, 1, 243, 192, 0, 0, 136, 63, 0, 0, 96, 62, 0, 0, 128, 189, 255, 255, 255, 255, 0, 0, 255, 191, 0, 0, 136, 63, 0, 0, 96, 62, 0, 0, 128, 189, 255, 255, 255, 255, 233, 1, 243, 192, 0, 0, 64, 190, 0, 0, 0, 61, 0, 0, 128, 189, 255, 255, 255, 255, 0, 0, 255, 191, 0, 0, 64, 190, 0, 0, 0, 61, 0, 0, 128, 189, 255, 255, 255, 255, 233, 1, 243, 192, 0, 0, 136, 63, 0, 0, 0, 61, 0, 0, 128, 189, 255, 255, 255, 255, 0, 0, 255, 191, 0, 0, 136, 63, 0, 0, 96, 62, 0, 0, 128, 189, 255, 255, 255, 127, 255, 255, 0, 0, 0, 0, 136, 63, 0, 0, 96, 62, 0, 0, 0, 0, 255, 255, 255, 127, 255, 255, 0, 0, 0, 0, 136, 63, 0, 0, 0, 61, 0, 0, 128, 189, 255, 255, 255, 127, 255, 255, 0, 0, 0, 0, 136, 63, 0, 0, 0, 61, 0, 0, 0, 0, 255, 255, 255, 127, 255, 255, 0, 0)
}]
blend_shape_mode = 0
shadow_mesh = SubResource("ArrayMesh_ln7c0")

[sub_resource type="StandardMaterial3D" id="StandardMaterial3D_fi3y5"]
resource_name = "Material_0"
transparency = 2
alpha_scissor_threshold = 0.05
alpha_antialiasing_mode = 0
blend_mode = 1
shading_mode = 0
vertex_color_use_as_albedo = true
albedo_texture = ExtResource("2_f456y")
texture_filter = 2
texture_repeat = false

[sub_resource type="ArrayMesh" id="ArrayMesh_nxgax"]
_surfaces = [{
"aabb": AABB(-0.0625, -0.015625, -0.078125, 0.25001, 0.09375, 0.09375),
"format": 4097,
"index_count": 30,
"index_data": PackedByteArray(2, 0, 1, 0, 0, 0, 2, 0, 3, 0, 1, 0, 1, 0, 4, 0, 0, 0, 1, 0, 5, 0, 4, 0, 2, 0, 6, 0, 3, 0, 2, 0, 7, 0, 6, 0, 3, 0, 5, 0, 1, 0, 3, 0, 6, 0, 5, 0, 7, 0, 0, 0, 4, 0, 7, 0, 2, 0, 0, 0),
"name": "Material_0",
"primitive": 3,
"vertex_count": 8,
"vertex_data": PackedByteArray(0, 0, 64, 62, 0, 0, 64, 61, 0, 0, 64, 189, 0, 0, 64, 62, 0, 0, 64, 61, 0, 0, 128, 188, 0, 0, 64, 62, 0, 0, 128, 60, 0, 0, 64, 189, 0, 0, 64, 62, 0, 0, 128, 60, 0, 0, 128, 188, 0, 0, 128, 189, 0, 0, 160, 61, 0, 0, 160, 189, 0, 0, 128, 189, 0, 0, 160, 61, 0, 0, 128, 60, 0, 0, 128, 189, 0, 0, 128, 188, 0, 0, 128, 60, 0, 0, 128, 189, 0, 0, 128, 188, 0, 0, 160, 189)
}]
blend_shape_mode = 0

[sub_resource type="ArrayMesh" id="ArrayMesh_vlxv1"]
resource_name = "Demon_Mesh_43"
_surfaces = [{
"aabb": AABB(-0.0625, -0.015625, -0.078125, 0.25001, 0.09375, 0.09375),
"attribute_data": PackedByteArray(0, 0, 0, 61, 0, 0, 160, 62, 0, 0, 0, 0, 0, 0, 160, 62, 0, 0, 0, 61, 0, 0, 144, 62, 0, 0, 0, 0, 0, 0, 144, 62, 0, 0, 0, 0, 0, 0, 160, 62, 0, 0, 0, 62, 0, 0, 160, 62, 0, 0, 0, 0, 0, 0, 144, 62, 0, 0, 0, 62, 0, 0, 144, 62, 0, 0, 0, 0, 0, 0, 160, 62, 0, 0, 0, 62, 0, 0, 160, 62, 0, 0, 0, 0, 0, 0, 144, 62, 0, 0, 0, 62, 0, 0, 144, 62, 0, 0, 0, 0, 0, 0, 160, 62, 0, 0, 0, 62, 0, 0, 160, 62, 0, 0, 0, 0, 0, 0, 144, 62, 0, 0, 0, 62, 0, 0, 144, 62, 0, 0, 0, 62, 0, 0, 160, 62, 0, 0, 0, 0, 0, 0, 160, 62, 0, 0, 0, 62, 0, 0, 144, 62, 0, 0, 0, 0, 0, 0, 144, 62),
"format": 4119,
"index_count": 30,
"index_data": PackedByteArray(2, 0, 1, 0, 0, 0, 2, 0, 3, 0, 1, 0, 6, 0, 5, 0, 4, 0, 6, 0, 7, 0, 5, 0, 10, 0, 9, 0, 8, 0, 10, 0, 11, 0, 9, 0, 14, 0, 13, 0, 12, 0, 14, 0, 15, 0, 13, 0, 18, 0, 17, 0, 16, 0, 18, 0, 19, 0, 17, 0),
"material": SubResource("StandardMaterial3D_fi3y5"),
"name": "Material_0",
"primitive": 3,
"vertex_count": 20,
"vertex_data": PackedByteArray(0, 0, 64, 62, 0, 0, 64, 61, 0, 0, 64, 189, 255, 255, 255, 127, 255, 255, 0, 0, 0, 0, 64, 62, 0, 0, 64, 61, 0, 0, 128, 188, 255, 255, 255, 127, 255, 255, 0, 0, 0, 0, 64, 62, 0, 0, 128, 60, 0, 0, 64, 189, 255, 255, 255, 127, 255, 255, 0, 0, 0, 0, 64, 62, 0, 0, 128, 60, 0, 0, 128, 188, 255, 255, 255, 127, 255, 255, 0, 0, 0, 0, 64, 62, 0, 0, 64, 61, 0, 0, 64, 189, 56, 142, 198, 241, 204, 12, 204, 204, 0, 0, 128, 189, 0, 0, 160, 61, 0, 0, 160, 189, 56, 142, 198, 241, 224, 23, 129, 198, 0, 0, 64, 62, 0, 0, 64, 61, 0, 0, 128, 188, 56, 142, 198, 241, 96, 13, 123, 202, 0, 0, 128, 189, 0, 0, 160, 61, 0, 0, 128, 60, 56, 142, 198, 241, 153, 25, 101, 198, 0, 0, 64, 62, 0, 0, 128, 60, 0, 0, 128, 188, 56, 142, 56, 14, 153, 25, 152, 185, 0, 0, 128, 189, 0, 0, 128, 188, 0, 0, 128, 60, 56, 142, 56, 14, 3, 13, 15, 180, 0, 0, 64, 62, 0, 0, 128, 60, 0, 0, 64, 189, 56, 142, 56, 14, 247, 20, 78, 185, 0, 0, 128, 189, 0, 0, 128, 188, 0, 0, 160, 189, 56, 142, 56, 14, 204, 12, 50, 179, 0, 0, 64, 62, 0, 0, 64, 61, 0, 0, 128, 188, 56, 142, 255, 127, 153, 25, 101, 198, 0, 0, 128, 189, 0, 0, 160, 61, 0, 0, 128, 60, 56, 142, 255, 127, 224, 23, 144, 186, 0, 0, 64, 62, 0, 0, 128, 60, 0, 0, 128, 188, 56, 142, 255, 127, 247, 20, 202, 195, 0, 0, 128, 189, 0, 0, 128, 188, 0, 0, 128, 60, 56, 142, 255, 127, 153, 25, 152, 185, 0, 0, 128, 189, 0, 0, 160, 61, 0, 0, 160, 189, 255, 255, 198, 241, 204, 12, 50, 51, 0, 0, 64, 62, 0, 0, 64, 61, 0, 0, 64, 189, 255, 255, 198, 241, 150, 7, 123, 74, 0, 0, 128, 189, 0, 0, 128, 188, 0, 0, 160, 189, 255, 255, 198, 241, 220, 10, 15, 52, 0, 0, 64, 62, 0, 0, 128, 60, 0, 0, 64, 189, 255, 255, 198, 241, 204, 12, 204, 76)
}]
blend_shape_mode = 0
shadow_mesh = SubResource("ArrayMesh_nxgax")

[sub_resource type="CylinderShape3D" id="CylinderShape3D_ucnwk"]
height = 2.675
radius = 1.125

[node name="Demon" type="RigidBody3D"]

[node name="Sword Handle" type="Marker3D" parent="."]
transform = Transform3D(-4.37114e-08, 1, 4.37114e-08, 0, -4.37114e-08, 1, 1, 4.37114e-08, 1.91069e-15, 0, 1.5, -1)

[node name="Demon" parent="." instance=ExtResource("1_1akyn")]
transform = Transform3D(2, 0, 0, 0, 2, 0, 0, 0, 2, 0, 0, 0)

[node name="Sword IK" type="SkeletonIK3D" parent="Demon/Armature/Skeleton3D" index="0"]
process_priority = 1
root_bone = &"[BONE] Seg 1"
tip_bone = &"[BONE] Sword"
magnet = Vector3(0, -15, 0)
target_node = NodePath("../../../../Sword Handle")

[node name="Anntenne" parent="Demon/Armature/Skeleton3D" index="1"]
transform = Transform3D(-1.19209e-07, -3.72529e-09, 1, 0.130526, 0.991445, 2.22235e-08, -0.991445, 0.130526, -1.17179e-07, 0, 1.3125, 0.21875)
bone_idx = 2

[node name="Sword" parent="Demon/Armature/Skeleton3D" index="2"]
transform = Transform3D(1, 1.19209e-07, -5.96046e-08, -8.61133e-08, 1, -2.5332e-07, 1.01725e-07, 1.63913e-07, 1, -3.22656, 0.125, 0.03125)
bone_idx = 16

[node name="Sword" parent="Demon/Armature/Skeleton3D/Sword" index="0"]
transform = Transform3D(1, 2.66453e-15, 0, -3.10744e-14, 1, 0, -2.84217e-14, 5.68434e-14, 1, -0.000129461, 0.00451326, 0.000385281)
mesh = SubResource("ArrayMesh_3ssap")

[node name="Sword Hilt" parent="Demon/Armature/Skeleton3D" index="3"]
transform = Transform3D(1, 1.19209e-07, -5.96046e-08, -8.61133e-08, 1, -2.5332e-07, 1.01725e-07, 1.63913e-07, 1, -2.10156, 0.09375, -0.03125)
bone_idx = 17

[node name="Seg 12" parent="Demon/Armature/Skeleton3D" index="4"]
transform = Transform3D(1, 0, 0, 0, 0.707107, -0.707107, 0, 0.707107, 0.707107, -1.96875, 0.25, 0)
bone_idx = 18

[node name="Seg 11" parent="Demon/Armature/Skeleton3D" index="5"]
transform = Transform3D(1, 0, 0, 0, 1, -4.37114e-08, 0, 4.37114e-08, 1, -1.84375, 0.25, 0)
bone_idx = 19

[node name="Seg 10" parent="Demon/Armature/Skeleton3D" index="6"]
transform = Transform3D(1, 0, 0, 0, 0.707107, -0.707107, 0, 0.707107, 0.707107, -1.71875, 0.25, 0)
bone_idx = 20

[node name="Seg 9" parent="Demon/Armature/Skeleton3D" index="7"]
transform = Transform3D(1, 0, 0, 0, 1, -4.37114e-08, 0, 4.37114e-08, 1, -1.59375, 0.25, 0)
bone_idx = 21

[node name="Seg 8" parent="Demon/Armature/Skeleton3D" index="8"]
transform = Transform3D(1, 0, 0, 0, 0.707107, -0.707107, 0, 0.707107, 0.707107, -1.46875, 0.25, 0)
bone_idx = 22

[node name="Seg 7" parent="Demon/Armature/Skeleton3D" index="9"]
transform = Transform3D(1, 0, 0, 0, 1, -4.37114e-08, 0, 4.37114e-08, 1, -1.34375, 0.25, 0)
bone_idx = 23

[node name="Seg 6" parent="Demon/Armature/Skeleton3D" index="10"]
transform = Transform3D(1, 0, 0, 0, 0.707107, -0.707107, 0, 0.707107, 0.707107, -1.21875, 0.25, 0)
bone_idx = 24

[node name="Seg 5" parent="Demon/Armature/Skeleton3D" index="11"]
transform = Transform3D(1, 0, 0, 0, 1, -4.37114e-08, 0, 4.37114e-08, 1, -1.09375, 0.25, 0)
bone_idx = 25

[node name="Seg 4" parent="Demon/Armature/Skeleton3D" index="12"]
transform = Transform3D(1, 0, 0, 0, 0.707107, -0.707107, 0, 0.707107, 0.707107, -0.96875, 0.25, 0)
bone_idx = 26

[node name="Seg 3" parent="Demon/Armature/Skeleton3D" index="13"]
transform = Transform3D(1, 0, 0, 0, 1, -4.37114e-08, 0, 4.37114e-08, 1, -0.84375, 0.25, 0)
bone_idx = 27

[node name="Seg 2" parent="Demon/Armature/Skeleton3D" index="14"]
transform = Transform3D(1, 0, 0, 0, 0.707107, -0.707107, 0, 0.707107, 0.707107, -0.71875, 0.25, 0)
bone_idx = 28

[node name="Seg 1" parent="Demon/Armature/Skeleton3D" index="15"]
transform = Transform3D(1, 0, 0, 0, 1, 0, 0, 0, 1, -0.59375, 0.25, 0)
bone_idx = 29

[node name="Siphon" parent="Demon/Armature/Skeleton3D" index="16"]
transform = Transform3D(1, 5.2108e-15, -3.17865e-08, 3.99483e-15, 1, -4.56956e-08, 1.98421e-09, 1.58933e-08, 1, 2.28906, 0.21875, 0.03125)
bone_idx = 43

[node name="Siphon" parent="Demon/Armature/Skeleton3D/Siphon" index="0"]
transform = Transform3D(1, -5.29396e-23, 0, -4.63221e-23, 1, 0, 0, 0, 1, 0, 0, 0)
mesh = SubResource("ArrayMesh_vlxv1")

[node name="Siphon Hilt" parent="Demon/Armature/Skeleton3D" index="17"]
transform = Transform3D(1, 5.2108e-15, -3.17865e-08, 3.99483e-15, 1, -4.56956e-08, 1.98421e-09, 1.58933e-08, 1, 2.10156, 0.15625, -0.03125)
bone_idx = 44

[node name="Siphon Seg 12" parent="Demon/Armature/Skeleton3D" index="18"]
transform = Transform3D(1, 1.54125e-07, 3.49156e-08, 5.44734e-15, 0.707107, -0.707107, -2.98024e-08, 0.707107, 0.707107, 1.96875, 0.25, 2.83498e-09)
bone_idx = 45

[node name="Siphon Seg 11" parent="Demon/Armature/Skeleton3D" index="19"]
transform = Transform3D(1, -1.89462e-15, -5.96046e-08, -5.96046e-08, 1, -1.64905e-07, -2.98023e-08, 7.54979e-08, 1, 1.84375, 0.25, 2.58694e-09)
bone_idx = 46

[node name="Siphon Seg 10" parent="Demon/Armature/Skeleton3D" index="20"]
transform = Transform3D(1, 1.54125e-07, 3.49156e-08, 5.44734e-15, 0.707107, -0.707107, -2.98023e-08, 0.707107, 0.707107, 1.71875, 0.25, 2.3389e-09)
bone_idx = 47

[node name="Siphon Seg 9" parent="Demon/Armature/Skeleton3D" index="21"]
transform = Transform3D(1, -1.89463e-15, -5.96046e-08, -5.96046e-08, 1, -1.64905e-07, -2.98023e-08, 7.54979e-08, 1, 1.59375, 0.25, 2.09088e-09)
bone_idx = 48

[node name="Siphon Seg 8" parent="Demon/Armature/Skeleton3D" index="22"]
transform = Transform3D(1, 1.54125e-07, 3.49156e-08, 5.44734e-15, 0.707107, -0.707107, -2.98023e-08, 0.707107, 0.707107, 1.46875, 0.25, 1.84282e-09)
bone_idx = 49

[node name="Siphon Seg 7" parent="Demon/Armature/Skeleton3D" index="23"]
transform = Transform3D(1, -1.89463e-15, -5.96047e-08, -5.96046e-08, 1, -1.64905e-07, -2.98023e-08, 7.54979e-08, 1, 1.34375, 0.25, 1.59482e-09)
bone_idx = 50

[node name="Siphon Seg 6" parent="Demon/Armature/Skeleton3D" index="24"]
transform = Transform3D(1, 1.54125e-07, 3.49156e-08, 5.44734e-15, 0.707107, -0.707107, -2.98023e-08, 0.707107, 0.707107, 1.21875, 0.25, 1.34679e-09)
bone_idx = 51

[node name="Siphon Seg 5" parent="Demon/Armature/Skeleton3D" index="25"]
transform = Transform3D(1, -1.89463e-15, -5.96046e-08, -5.96046e-08, 1, -1.64905e-07, -2.98023e-08, 7.54979e-08, 1, 1.09375, 0.25, 1.09875e-09)
bone_idx = 52

[node name="Siphon Seg 4" parent="Demon/Armature/Skeleton3D" index="26"]
transform = Transform3D(1, 1.54125e-07, 3.49156e-08, 5.44734e-15, 0.707107, -0.707107, -2.98023e-08, 0.707107, 0.707107, 0.96875, 0.25, 8.50747e-10)
bone_idx = 53

[node name="Siphon Seg 3" parent="Demon/Armature/Skeleton3D" index="27"]
transform = Transform3D(1, -1.89463e-15, -5.96047e-08, -5.96046e-08, 1, -1.64905e-07, -2.98023e-08, 7.54979e-08, 1, 0.84375, 0.25, 6.02711e-10)
bone_idx = 54

[node name="Siphon Seg 2" parent="Demon/Armature/Skeleton3D" index="28"]
transform = Transform3D(1, 1.54125e-07, 3.49156e-08, 5.44734e-15, 0.707107, -0.707107, -2.98023e-08, 0.707107, 0.707107, 0.71875, 0.25, 3.54671e-10)
bone_idx = 55

[node name="Siphon Seg 1" parent="Demon/Armature/Skeleton3D" index="29"]
transform = Transform3D(1, -7.10543e-15, -5.96046e-08, -5.96046e-08, 1, -2.08616e-07, -2.98023e-08, 1.19209e-07, 1, 0.59375, 0.25, 1.06652e-10)
bone_idx = 56

[node name="Front Right Foot" parent="Demon/Armature/Skeleton3D" index="30"]
transform = Transform3D(0.707107, 1.18002e-07, -0.707107, 1.45606e-07, 1, 3.15481e-07, 0.707107, -3.63949e-07, 0.707107, 0.397748, -0.75, -0.397748)
bone_idx = 61

[node name="Front Right Upper Leg" parent="Demon/Armature/Skeleton3D" index="31"]
transform = Transform3D(0.707107, 2.5954e-08, -0.707107, -2.10413e-08, 1, 6.80367e-08, 0.707107, -8.56041e-08, 0.707107, 0.441942, -0.75, -0.353553)
bone_idx = 62

[node name="Front Right Middle Leg" parent="Demon/Armature/Skeleton3D" index="32"]
transform = Transform3D(0.707107, 1.71382e-08, -0.707107, 1.02203e-07, 1, 1.19209e-07, 0.707107, -1.91478e-07, 0.707107, 0.441942, -0.375, -0.353553)
bone_idx = 63

[node name="Front Right Lower Leg" parent="Demon/Armature/Skeleton3D" index="33"]
transform = Transform3D(0.707107, -2.46891e-08, -0.707107, 5.96047e-08, 1, 2.4689e-08, 0.707107, -5.96047e-08, 0.707107, 0.265165, -0.375, -0.176777)
bone_idx = 64

[node name="Front Left Foot" parent="Demon/Armature/Skeleton3D" index="34"]
transform = Transform3D(0.707107, 2.58965e-08, 0.707107, -3.00122e-08, 1, 3.85312e-08, -0.707107, 2.85949e-08, 0.707107, -0.397748, -0.75, -0.397748)
bone_idx = 69

[node name="Front Left Upper Leg" parent="Demon/Armature/Skeleton3D" index="35"]
transform = Transform3D(0.707107, -3.4683e-08, 0.707107, 7.70303e-08, 1, -3.00992e-08, -0.707107, 1.31741e-07, 0.707107, -0.353553, -0.75, -0.441942)
bone_idx = 70

[node name="Front Left Middle Leg" parent="Demon/Armature/Skeleton3D" index="36"]
transform = Transform3D(0.707107, -1.10161e-07, 0.707107, 1.06413e-07, 1, 1.45695e-14, -0.707107, 1.10161e-07, 0.707107, -0.353553, -0.375, -0.441942)
bone_idx = 71

[node name="Front Left Lower Leg" parent="Demon/Armature/Skeleton3D" index="37"]
transform = Transform3D(0.707107, 2.46891e-08, 0.707107, -5.96047e-08, 1, 2.4689e-08, -0.707107, -5.96047e-08, 0.707107, -0.176777, -0.375, -0.265165)
bone_idx = 72

[node name="Back Right Foot" parent="Demon/Armature/Skeleton3D" index="38"]
transform = Transform3D(-0.707108, 1.69548e-09, -0.707107, -5.23506e-08, 1, 4.57626e-08, 0.707107, 1.81354e-07, -0.707107, 0.397748, -0.75, 0.397748)
bone_idx = 77

[node name="Back Right Upper Leg" parent="Demon/Armature/Skeleton3D" index="39"]
transform = Transform3D(-0.707108, -2.41462e-08, -0.707107, 1.56056e-07, 1, -2.36223e-07, 0.707107, -1.02185e-07, -0.707107, 0.353553, -0.75, 0.441942)
bone_idx = 78

[node name="Back Right Middle Leg" parent="Demon/Armature/Skeleton3D" index="40"]
transform = Transform3D(-0.707107, -9.08498e-08, -0.707107, -1.06787e-07, 1, -5.96046e-08, 0.707107, 1.94719e-07, -0.707107, 0.353553, -0.375, 0.441942)
bone_idx = 79

[node name="Back Right Lower Leg" parent="Demon/Armature/Skeleton3D" index="41"]
transform = Transform3D(-0.707107, 2.46891e-08, -0.707107, 5.96047e-08, 1, -2.46891e-08, 0.707107, -5.96046e-08, -0.707107, 0.176777, -0.375, 0.265165)
bone_idx = 80

[node name="Back Left Foot" parent="Demon/Armature/Skeleton3D" index="42"]
transform = Transform3D(-0.707107, 7.75398e-08, 0.707107, 3.14038e-07, 1, 1.61356e-07, -0.707107, 4.09601e-07, -0.707107, -0.397748, -0.75, 0.397747)
bone_idx = 85

[node name="Back Left Upper Leg" parent="Demon/Armature/Skeleton3D" index="43"]
transform = Transform3D(-0.707107, -9.71029e-09, 0.707107, -9.53921e-08, 1, -1.84289e-07, -0.707107, -2.25656e-08, -0.707107, -0.441942, -0.75, 0.353553)
bone_idx = 86

[node name="Back Left Middle Leg" parent="Demon/Armature/Skeleton3D" index="44"]
transform = Transform3D(-0.707107, -1.19574e-07, 0.707107, -5.20124e-08, 1, 5.96048e-08, -0.707107, 1.03504e-07, -0.707107, -0.441942, -0.375, 0.353553)
bone_idx = 87

[node name="Back Left Lower Leg" parent="Demon/Armature/Skeleton3D" index="45"]
transform = Transform3D(-0.707107, -2.4689e-08, 0.707107, -5.96047e-08, 1, -2.46891e-08, -0.707107, -5.96047e-08, -0.707107, -0.265165, -0.375, 0.176777)
bone_idx = 88

[node name="Body" parent="Demon/Armature/Skeleton3D" index="46"]
transform = Transform3D(1, 0, 0, 0, 1, 0, 0, 0, 1, 0, -0.25, 0)
bone_idx = 89

[node name="Eye" parent="Demon/Armature/Skeleton3D" index="47"]
transform = Transform3D(1, 6.00848e-17, 0, -6.00848e-17, 1, 0, 0, 0, 1, 0, 0.875, -0.390625)
bone_idx = 90

[node name="Head" parent="Demon/Armature/Skeleton3D" index="48"]
transform = Transform3D(1, 0, 0, 0, 1, 0, 0, 0, 1, 0, -0.25, 0)
bone_idx = 91

[node name="Slot 1" parent="Demon/Armature/Skeleton3D" index="49"]
transform = Transform3D(1, 0, 0, 0, 1, 0, 0, 0, 1, 0, 0.1875, 0)
bone_idx = 92

[node name="Slot 2" parent="Demon/Armature/Skeleton3D" index="50"]
transform = Transform3D(0.707107, 0, 0.707107, 0, 1, 0, -0.707107, 0, 0.707107, 0, 0.1875, 0)
bone_idx = 93

[node name="Slot 3" parent="Demon/Armature/Skeleton3D" index="51"]
transform = Transform3D(-1.19209e-07, 0, 1, 0, 1, 0, -1, 0, -1.19209e-07, 0, 0.1875, 0)
bone_idx = 94

[node name="Slot 4" parent="Demon/Armature/Skeleton3D" index="52"]
transform = Transform3D(-0.707107, -8.65956e-17, 0.707107, -2.0906e-16, 1, -8.65957e-17, -0.707107, -2.0906e-16, -0.707107, 0, 0.1875, 0)
bone_idx = 95

[node name="Slot 5" parent="Demon/Armature/Skeleton3D" index="53"]
transform = Transform3D(-1, -1.22465e-16, 0, -1.22465e-16, 1, -1.22465e-16, 1.49976e-32, -1.22465e-16, -1, 0, 0.1875, 0)
bone_idx = 96

[node name="Slot 6" parent="Demon/Armature/Skeleton3D" index="54"]
transform = Transform3D(-0.707107, -8.65956e-17, -0.707107, -3.58691e-17, 1, -8.65956e-17, 0.707107, -3.58691e-17, -0.707107, 0, 0.1875, 0)
bone_idx = 97

[node name="Slot 7" parent="Demon/Armature/Skeleton3D" index="55"]
transform = Transform3D(-1.19209e-07, 0, -1, 0, 1, 0, 1, 0, -1.19209e-07, 0, 0.1875, 0)
bone_idx = 98

[node name="Slot 8" parent="Demon/Armature/Skeleton3D" index="56"]
transform = Transform3D(0.707107, 0, -0.707107, 0, 1, 0, 0.707107, 0, 0.707107, 0, 0.1875, 0)
bone_idx = 99

[node name="CollisionShape3D" type="CollisionShape3D" parent="."]
transform = Transform3D(1, 0, 0, 0, 1, 0, 0, 0, 1, 0, 2.81, 0)
shape = SubResource("CylinderShape3D_ucnwk")

[editable path="Demon"]
